51381
31138
19947
29919
34063
9871
37588
13027
52182
56661
58122
13614
47999
35383
38607
59083
13567
35678
18558
10805
2977
1575
29723
29461
50288
43502
16986
27550
27101
18765
9329
47075
32633
35539
30076
11907
50503
23131
1503
59794
36635
33430
27646
25712
36662
9130
931
53215
47812
14936
29528
40349
21177
25336
59335
37635
18908
63252
7182
2150
40252
19847
56090
19230
24004
21490
45093
47634
29096
31919
41473
9673
23695
24480
63337
40253
42871
44290
45175
55003
15492
29350
28596
23864
14374
21342
932
1438
35304
38759
7109
65165
10507
14665
22217
60960
21876
43361
20733
49736
30665
14238
30250
16476
30306
48449
22061
5091
28347
12217
23424
49162
29495
6818
14297
59444
25740
14907
21198
60025
61753
15998
39397
57331
59946
34364
14602
19282
42424
15739
16463
32241
52079
46823
36115
60961
38311
18213
13409
12509
51836
50973
40581
64425
35793
27477
25665
22677
49400
4851
